1000
1000
1001
1003
1003
1004
1005
1006
1008
1009
1010
1013
1014
1015
1016
1016
1017
1018
1019
1019
1020
1021
1022
1023
1024
1025
1026
1027
1028
1029
1031
1032
1036
1038
1039
1041
1042
1044
1046
1047
1048
1049
1051
1052
1054
1055
1057
1060
1062
1063
1064
1066
1068
1070
1071
1073
1075
1078
1079
1079
1080
1081
1082
1083
1084
1085
1086
1087
1087
1088
1089
1090
1091
1092
1093
1096
1097
1098
1099
1100
1101
1102
1103
1104
1105
1107
1108
1110
1111
1112
1113
1115
1116
1118
1119
1122
1123
1124
1125
1127
1161
1163
1164
1166
1168
1169
1170
1171
1172
1173
1174
1176
1177
1179
1180
1182
1184
1186
1188
1189
1191
1192
1194
1195
1197
1198
1200
1201
1202
1203
1205
1206
1227
1320
1321
1323
1325
1326
1328
1329
1330
1334
1337
1340
1341
1344
1345
1346
1347
1348
1349
1350
1352
1353
1353
1354
1355
1357
1358
1359
1360
1362
1363
1365
1366
1368
1372
1373
1375
1376
1377
1378
1379
1380
1381
1383
1384
1385
1386
1388
1389
1390
1393
1396
1398
1399
1399
1400
1401
1402
1403
1404
1406
1407
1408
1409
1410
1411
1412
1413
1414
1417
1418
1420
1423
1427
1428
1429
1430
1431
1434
1435
1436
1437
1438
1439
1440
1441
1442
1443
1444
1445
1451
1452
1457
1459
1460
1462
1462
1470
1471
1473
1474
1488
1577
1581
1583
1584
1587
1588
1590
1591
1593
1595
1596
1597
1598
1599
1601
1603
1604
1606
1607
1609
1610
1612
1613
1614
1615
1616
1619
1620
1621
1623
1624
1625
1626
1627
1628
1630
1635
1638
1639
1640
1640
1641
1644
1646
1647
1648
1649
1650
1651
1652
1653
1657
1658
1659
1661
1665
1668
1668
1669
1670
1671
1673
1674
1676
1677
1681
1682
1683
1683
1683
1684
1686
1688
1689
1692
1693
1695
1696
1697
1699
1700
1700
1703
1711
1713
1724
1725
1727
1732
1735
1737
1739
1743
1747
1749
1750
1751
1752
1753
1757
1767
1772
1773
1774
1780
1784
1787
1800
1803
1808
1809
1814
1816
1817
1819
1820
1823
1832
1834
1836
1838
1839
1848
1851
1853
1856
1860
1863
1866
1867
1870
1876
1878
1879
1885
1887
1888
1890
1892
1894
1897
1898
1900
1904
1906
1907
1908
1914
1915
1916
1920
1922
1924
1926
1927
1928
1929
1930
1931
1932
1933
1934
1934
1935
1937
1938
1939
1940
1942
1943
1947
1948
1949
1951
1952
1953
1954
1957
1959
3010
3012
1002
1007
1030
1034
1043
1053
1066
1069
1072
1095
1106
1114
1117
1120
1121
1126
1160
1165
1173
1190
1193
1196
1297
1322
1327
1333
1335
1336
1338
1339
1342
1343
1354
1356
1361
1364
1367
1370
1371
1374
1379
1387
1391
1392
1394
1395
1397
1405
1415
1416
1419
1421
1422
1424
1425
1426
1432
1433
1444
1446
1447
1448
1449
1453
1454
1461
1464
1466
1468
1469
1576
1578
1579
1582
1585
1586
1589
1594
1600
1602
1605
1611
1617
1618
1629
1630
1632
1633
1634
1636
1654
1655
1656
1662
1663
1664
1667
1668
1672
1679
1680
1687
1690
1694
1698
1701
1729
1758
1759
1768
1771
1786
1806
1810
1821
1827
1843
1844
1847
1857
1864
1875
1889
1891
1895
1899
1905
1913
1923
1944
1956