201405311148425
201406011108027
201406011149530
201406011506407
201406010938325
201405312003129
201405312304062
201406011302364
201406011252043
201405311401106
201405312058585
201406011515193
201405311617172
201406011159029
201406010906250
201406011242405
201406011134443
201406011201490
201406011205120
201406011453163
201406011248052
201406010937242
201406011335333
201405301602018
201406011311575
201406011516543
201405311302026
201406011228325
201406011245438
201406011226583
201405311146422
201405311019499
201406011417351
201406011216527
201405302120207
201405291551542
201406010834024
201406011137480
201406010824543
201406011408268
201406011031220
201406011527178
201406011223193
201406011210267
201406011237421
201406011313382
201406011528513
201406011415358
201406011259151
201406011434131
201405301930503
201405311016559
201405311035436
201406010908027
201405291536009
201405301216443
201405311146554
201405301412088
201405311529440
201406011435465
201405311147385
201406011200154
201406011411459
201405301410054
201406010938483
201406011246301
201406011204507
201406011451353
201406011451023
201405270952311
201406011107097
201406011206267
201405311302230
201406011452175
201406011213312
201405311017595
201406011434120
201405300912305
201406011244545
201405311014257
201406011404166
201406011528324
201406011515177
201406011103112
201406011324364
201406011142098
201406011504187
201405311924040
201406011000015
201406011042400
201405302346367
201405311948416
201406011449410
201406011025533
201406011005409
201406011055049
201406011147570
201405311017295
201406011359482
201405302016098
201406011527117
201406011341088
201406011233248
201406010832149
201406010428238
201406011438562
201406011343374
201406011102249
201405301608020
201405310711297
201406011341096
201406011252381
201405291537566
201406011344182
201405311038338
201406011051017
201405301436196
201405291533392
201406011307361
201406011439312
201406011002245
201406011231203
201406011303153
201405291536430
201405301012127
201405311849543
201405311200136
201406011213236
201405310117471
201406011250031
201406011453496
201406010857523
201406011245096
201405311020324
201406011036356
201406010930435
201406011041425
201405311019206
201405291535133
201406011437320
201405311015464
201405311618548
201406011230547
201406011146125
201406010855539
201405311149239
201405291534290
201406011036165
201405301007383
201406011400234
201405281435112
201405312358574
201406011452456
201406011346251
201406011337499
201405311419447
201406011107437
201406011340425
201405300915578
201406011250213
201405301146123
201405301409263
201406011052354
201406011006388
201405300910120
201406010841518
201406011246257
201406011347275
201406011441161
201406010723418
201406011253295
201405301357361
201406011241459
201406011314127
