201405311532106
201405311148082
201405311110055
201405311620191
201405291017301
201405311520559
201405311643381
201405311641142
201405311650134
201405311112370
201405311435071
201405311353328
201405311026545
201405311356237
201405311522214
201405311610346
201405301602018
201405311514155
201405301410491
201405311734372
201405292026509
201405311648098
201405311633212
201405311301316
201405311658400
201405311717387
201405311019499
201405311651132
201405311645500
201405310920160
201405311016559
201405301412088
201405311152064
201405311205195
201405311015124
201405301410054
201405311651440
201405311118086
201405270952311
201405301418389
201405311736382
201405311017595
201405300912305
201405311417218
201405311014257
201405311408157
201405311021084
201405311716377
201405311304154
201405311517122
201405291018197
201405311531472
201405311327429
201405311642086
201405311645048
201405302203068
201405311525518
201405302346367
201405311629082
201405311028405
201405311132400
201405302045365
201405310919070
201405311017295
201405311722237
201405311448517
201405310926020
201405311519362
201405311629251
201405311226299
201405311346196
201405291016086
201405311646357
201405291000135
201405291533392
201405311652352
201405311627194
201405311644209
201405311132213
201405311743454
201405311129509
201405311020324
201405311526403
201405281202063
201405311640269
201405311015464
201405311618548
201405311046212
201405311038427
201405281435112
201405311719071
201405300915578
201405311230330
201405311040337
201405301146123
201405301409263
201405311513565
201405311115290
201405300910120
201405311119493
201405311604493
201405311138023
201405310859154
201405311615486
201405301357361
201405311025030
