201406041452245
201406042006300
201406031036273
201406042315063
201406040933392
201406021446316
201406042231051
201406031547462
201406021444152
201406042213429
201406050044197
201406040953056
201406030616564
201406021449450
201406040913061
201406041313590
201405291537566
201406041722035
201406042054317
201406040932018
201405291536430
201406040929014
201406021810117
201406042100595
201406042215422
201406041757159
201406030615528
201406050044426
201406031916377
201406041915441
201405291535133
201406042213094
201406021116556
201405291536009
201405291534290
201406021415510
201406042227399
201406041740168
201406031509251
201406042053491
201406041440357
201406031609389
201406050108292
201406031340074
201406041023464
201406042217099
201406050043471
201406041752049
201406041707444
201406041018273
201406040844446
201406041610460
201406021447109
201406041343058
201406031238137
201406041154031
