201406241502370
201406241436089
201406231439161
201406241118464
201406240948536
201406200034147
201406241016157
201406231954332
201406231803135
201406241214584
201406241518372
201406240942209
201406240953021
201406241342035
201406241446424
201406231451478
201406241448015
201406241129552
201406232200367
201406220915197
201406240440084
201406241512364
201406241500572
201406240943213
201406240944328
201406241140219
201406241508424
201406191157328
201406241017129
201406241345388
201406232209448
201406241450531
201406232000448
201406241148040
201406231519574
201406201201441
201406212041136
201406241455210
201406161646269
201406241448497
201406241053389
201406231242461
