201405301351436
201405301328287
201405291017301
201405301504500
201405301441234
201405301127009
201405291509542
201405301430572
201405301323512
201405301003217
201405301645384
201405301416076
201405301534160
201405281705266
201405300955077
201405301430050
201405292120427
201405301450429
201405300851231
201405301145165
201405301418084
201405300952136
201405301126174
201405291551542
201405292350023
201405301159062
201405301553087
201405301451428
201405301215537
201405301438330
201405301451130
201405301414053
201405291536009
201405301251332
201405301513590
201405300915001
201405301333208
201405300913530
201405300903234
201405281146541
201405281607483
201405270952311
201405301349248
201405300912305
201405300826573
201405300828548
201405292134376
201405291018197
201405301054104
201405301451046
201405300816229
201405301202455
201405280805121
201405301710108
201405301534197
201405301103217
201405300149299
201405301138112
201405301533584
201405300937488
201405301443543
201405301608020
201405301353246
201405301306592
201405301340478
201405301151322
201405301559349
201405291000135
201405261456588
201405301237279
201405291536430
201405301012127
201405301333412
201405301332033
201405301014076
201405301247560
201405300954311
201405281202063
201405301341007
201405301406577
201405301226414
201405300951414
201405301434356
201405291534290
201405301321152
201405301323016
201405301242572
201405301251500
201405301037063
201405301311239
201405300954018
201405301007383
201405291536510
201405281435112
201405300954016
201405280806151
201405301251102
201405300849302
201405301125327
201405300915578
201405301146123
201405301738358
201405300904591
201405301409263
201405301252488
201405291101398
201405301354410
201405300914057
201405301206448
201405301225472
201405301418377
201405301348047
201405301409589
201405300830321
201405301315168
201405291204247
201405301408448
201405301547237
201405301351583
201405300953003
201405301149000
201405300908183
201405300945300
201405301548387
201405301338207
201405301257101
201405301609107
201405301457590
201405301339141
201405301118513
201405301121182
201405301602018
201405301043036
201405292026509
201405301514076
201405301547227
201405292150157
201405291010353
201405301623029
201405301258233
201405300915087
201405301043582
201405301200050
201405301455359
201405301258389
201405301216443
201405291000054
201405301252076
201405301418389
201405301301109
201405300826145
201405301601526
201405301530175
201405301252139
201405301612394
201405300950484
201405301249276
201405301639018
201405301645204
201405300940595
201405301424269
201405301459312
201405301557092
201405301002330
201405301343406
201405300943301
201405301207284
201405301546409
201405301641086
201405301250286
201405301130196
201405301041086
201405292113190
201405301458213
201405300839015
201405301152135
201405301343289
201405301147502
201405291537566
201405301452193
201405291016086
201405300930512
201405301436196
201405291533392
201405301201025
201405301424524
201405301550236
201405301015354
201405301155155
201405300916027
201405301525465
201405291017470
201405301411342
201405300933233
201405301728466
201405291535133
201405301012581
201405301341389
201405301020493
201405301024379
201405301437044
201405300929334
201405301410328
201405301306141
201405301446067
201405301625527
201405301057507
201405301459202
201405301647109
201405301551110
201405301127520
201405301201545
201405300919258
201405301232329
201405301108584
201405300910120
201405301227221
201405301357361
