201405281556300
201405281707084
201405281313560
201405281409273
201405281958258
201405281411445
201405281653568
201405281801025
201405272147302
201405271130182
201405281522026
201405282007212
201405280813473
201405281534011
201405281509126
201405281839302
201405281744578
201405281940149
201405281513512
201405281642451
201405281528450
201405281944563
201405282055088
201405281705266
201405281322003
201405281642099
201405281808107
201405281339325
201405272248186
201405270408474
201405281024258
201405282135387
201405281607413
201405281648341
201405281342206
201405281015023
201405281631281
201405281515524
201405281706079
201405281755175
201405280900214
201405280807071
201405281732022
201405281313050
201405271118283
201405281153282
201405281851009
201405281453385
201405272249572
201405252124294
201405281607483
201405281403129
201405281146541
201405270952311
201405280042151
201405281643572
201405282015480
201405281610294
201405272353117
201405281620350
201405281850143
201405281642052
201405271155210
201405271213194
201405281415196
201405280918098
201405281119297
201405281437402
201405282038536
201405282130236
201405281028133
201405281250453
201405281527399
201405281710385
201405280800589
201405272238036
201405271120083
201405280805121
201405281913384
201405232325066
201405281328183
201405281302536
201405281443233
201405282040438
201405282036010
201405281609097
201405280802054
201405281236064
201405281712012
201405281929200
201405281314371
201405281008070
201405282100598
201405282103003
201405261524554
201405261456588
201405272245488
201405281353593
201405281612118
201405281401138
201405281913084
201405281643212
201405281111554
201405281124219
201405271116234
201405280759219
201405281202063
201405281240143
201405271800228
201405281624135
201405281928428
201405282128243
201405281720574
201405281424227
201405281518195
201405281535515
201405282101180
201405272251539
201405282013156
201405281435112
201405280806151
201405281508318
201405261345223
201405282006473
201405281712030
201405281602485
201405281721136
201405280804273
201405261622280
201405282043388
201405281837205
201405281006392
201405272339101
201405281809313
201405280957252
201405281756466
201405281155089
201405272100119
201405271109221
201405282010456
201405271737596
201405281403403
201405281520577
201405281742349
