201405311148425
201406021138501
201405312304062
201406011803434
201406021110378
201406011633267
201406020923575
201406021030230
201406021233564
201406020724085
201406021100385
201406011804416
201406021220245
201406021117251
201406021141219
201406020837276
201406020831255
201406021011190
201406021017044
201406021032031
201406020953595
201406020931059
201405311019499
201406020917141
201406012339300
201406021128096
201405302120207
201405291551542
201406010834024
201406021134416
201406021037205
201406021217114
201406021238585
201406021116556
201405301930503
201406020806540
201405311016559
201405311035436
201406021132579
201405291536009
201405311146554
201405311529440
201406021200587
201405311147385
201406021036473
201406020920396
201406021006353
201406021244200
201406021105197
201405270952311
201406021216308
201406021214219
201405311017595
201406020939305
201406012212190
201406021237056
201406020950077
201406021029152
201406021136328
201406021056536
201406021110525
201406012206056
201406011324364
201406021005362
201406021124554
201405311924040
201406011042400
201405311948416
201406021201253
201405311017295
201406011945454
201406020946064
201406010428238
201406021217490
201406020953240
201406011720462
201406021048044
201406011804126
201406020812136
201406020847565
201406021017210
201406021225524
201406011658198
201405291537566
201405311038338
201406021055420
201406020924062
201406012249264
201405291533392
201406021122280
201406021142131
201405291536430
201405301012127
201405311849543
201406011925422
201406021218172
201406011522005
201406021005530
201405311020324
201406020950162
201406021037570
201406011955348
201405291535133
201406021058427
201406020836050
201405311015464
201406020928550
201405311618548
201405311149239
201405291534290
201406020930266
201406020922224
201405301007383
201406021017036
201406021007134
201405311419447
201406021047168
201406021116484
201406011724518
201406021100145
201406021018390
201406020929075
201406021215436
