201405281707084
201405291632157
201405291017301
201405291204247
201405291509542
201405291136530
201405281522026
201405291153462
201405282007212
201405291107182
201405291346584
201405291651562
201405290844265
201405281705266
201405291010353
201405291458122
201405281808107
201405291535469
201405291154273
201405291434186
201405291551542
201405281607413
201405291508434
201405290959322
201405291536009
201405291452309
201405291516024
201405291000054
201405281146541
201405281607483
201405270952311
201405291649532
201405291407433
201405291721077
201405281642052
201405291631007
201405291147243
201405290859044
201405291653210
201405280918098
201405291018197
201405291540413
201405291539128
201405282331344
201405291233368
201405291724594
201405291455087
201405291424364
201405272238036
201405280805121
201405232325066
201405291120571
201405291324587
201405291723065
201405281302536
201405291546559
201405291405535
201405291546355
201405291716396
201405290845288
201405291537566
201405291016086
201405291000135
201405291420273
201405291533392
201405261456588
201405291536430
201405291457041
201405291416344
201405291627416
201405291008050
201405290936198
201405291017470
201405290917046
201405281202063
201405291535133
201405291113306
201405291558444
201405291216340
201405290957196
201405291534290
201405291158408
201405291513380
201405291706271
201405291536510
201405281435112
201405280806151
201405281712030
201405291110511
201405291356037
201405291134519
201405291211391
201405281006392
201405291623075
201405291551104
201405280957252
201405291612172
201405291101398
201405291440521
201405281520577
