201405241953109
201405261430156
201405251632060
201405261028597
201405261251033
201405261110016
201405261216508
201405261509526
201405260927084
201405261450312
201405261211596
201405252323373
201405261145313
201405260907135
201405231607273
201405261519337
201405260043052
201405261247552
201405261103380
201405261435147
201405261355511
201405260907464
201405240827578
201405261221408
201405261445088
201405261104323
201405261516290
201405261335124
201405261324319
201405261531302
201405261123155
201405261245067
201405261629229
201405261509456
201405251427091
201405240418251
201405261531081
201405260007577
201405251641589
201405261440445
201405261007028
201405261039502
201405261745478
201405261117190
201405261426374
201405261326437
201405261539054
201405261318012
201405261514427
201405241953340
201405260924477
201405261151342
201405261609366
201405261457596
201405261252263
201405261303095
201405261551575
201405261115594
201405261429384
201405260908434
201405241815382
201405261555429
201405261632156
201405231454322
201405261159268
201405261447356
201405261437182
201405261002076
201405231520052
201405260804485
201405252214271
201405260835271
201405251446576
201405261122387
201405261012376
201405260005285
201405261433470
201405261600553
201405261430235
201405260041045
201405261346160
201405252327143
201405261147135
201405261330165
201405261401479
201405261455408
201405261429073
201405261114004
201405261516545
201405260919505
201405180132597
201405260927453
201405261444568
201405261547514
201405261449051
201405261514363
201405261012243
201405241312015
201405261506181
201405261202352
201405261729441
201405261430243
201405261432309
201405261320345
201405261345223
201405261341254
201405261643328
201405261122578
201405261622280
201405261503499
201405261447231
201405252051540
201405260901223
201405251533250
201405261253533
201405261057520
201405261630018
201405261005013
201405261109003
201405251348281
201405261255118
201405261512366
