201405232210481
201405241653024
201405241619164
201405232106544
201405241953109
201405231119089
201405241943264
201405241528017
201405241417450
201405241411288
201405231427224
201405241524048
201405241632562
201405241430449
201405241726467
201405242238090
201405241208296
201405231209405
201405231518020
201405231607273
201405241900129
201405241642123
201405241815542
201405241457511
201405232134359
201405241734560
201405241954048
201405231231297
201405242210118
201405241419497
201405241648599
201405241347293
201405241215134
201405241610521
201405240827578
201405241617165
201405241643143
201405242049143
201405241118580
201405231508283
201405241815190
201405241820357
201405241221524
201405241421246
201405241718502
201405242142359
201405240418251
201405240128058
201405241040097
201405242101519
201405242048235
201405241605565
201405231509104
201405241051012
201405231232301
201405241706349
201405241826443
201405241741259
201405241038024
201405241641296
201405241324293
201405242128543
201405242334230
201405241934452
201405231209147
201405242116433
201405241809464
201405231544429
201405242037373
201405241953340
201405241909272
201405241555487
201405242127367
201405241808125
201405241529519
201405232325066
201405241348212
201405241348440
201405241815382
201405241940209
201405231454322
201405231531175
201405241350410
201405231459051
201405221114193
201405242020571
201405231520052
201405240900086
201405232025006
201405240128444
201405241815593
201405241739526
201405241630106
201405241301491
201405241731295
201405241438415
201405231542293
201405241804441
201405241657471
201405231457101
201405241254048
201405242117432
201405242251160
201405241446022
201405231208291
201405231414102
201405241444517
201405241654415
201405241607044
201405231853598
201405241855535
201405242319376
201405242153575
201405231046140
201405241646176
201405241747431
201405242335002
201405241837153
201405231606358
201405242011052
201405241956473
201405241931574
201405180132597
201405241220037
201405231210488
201405241347041
201405241312015
201405241620049
201405241511425
201405241812132
201405241804179
201405241603454
201405232203208
201405242251403
201405242211119
201405241821054
201405232317003
201405241810268
201405231529142
201405231503563
201405241809321
201405241744052
201405241602070
201405241058322
201405231514425
201405242243314
201405220944275
201405241749230
201405240905443
201405231702517
201405231505232
201405242131377
