201405271138026
201405271628315
201405271120540
201405271143178
201405270943356
201405271008595
201405272235013
201405271344053
201405271211004
201405271922027
201405272221217
201405271814385
201405271130182
201405271441076
201405271239063
201405271404029
201405271644107
201405272317078
201405271418130
201405272104368
201405251939336
201405271512234
201405271157264
201405271016281
201405272037160
201405271439501
201405271448043
201405272047466
201405271614112
201405271417348
201405272233451
201405271640302
201405270921436
201405271018505
201405271641006
201405271022526
201405272248186
201405251943539
201405270408474
201405272308178
201405240827578
201405271020242
201405271610468
201405271336276
201405270756311
201405271459149
201405272249572
201405271317337
201405271127485
201405252124294
201405271053173
201405270954459
201405270952311
201405272225043
201405262347282
201405271848439
201405270223369
201405270923361
201405270412184
201405271209121
201405272112013
201405271324373
201405271540046
201405270957278
201405270827002
201405271304525
201405270358086
201405271354207
201405272105436
201405271417220
201405272238036
201405272237207
201405271141353
201405271943508
201405270922104
201405271006424
201405272236572
201405271610341
201405270833407
201405252107075
201405271254021
201405272207418
201405271541036
201405271542064
201405271011202
201405271940098
201405271639580
201405251446576
201405271257094
201405261045071
201405261456588
201405271713428
201405270845482
201405270855499
201405271625377
201405271434126
201405270833077
201405271031035
201405270405538
201405270943584
201405270352571
201405271900021
201405271021038
201405270901482
201405271323062
201405272052245
201405270757178
201405271039332
201405270004236
201405272220464
201405271213142
201405271510594
201405271634544
201405270832448
201405272113259
201405270954558
201405272122419
201405271319354
201405272316172
201405271209166
201405261345223
201405270934076
201405261622280
201405271307178
201405271441182
201405271549350
201405271159496
201405252051540
201405271509287
201405270908277
201405272347136
201405271940593
201405271207553
201405270957176
201405251348281
201405271939074
201405270939327
201405262157206
201405271146059
201405271310492
201405271109020
201405271149285
201405271242597
201405272147302
201405271257554
201405271000435
201405272311189
201405271345065
201405271459328
201405270942031
201405270402550
201405271300206
201405272128265
201405271141411
201405261817091
201405270938154
201405270935032
201405251114454
201405271003174
201405260904256
201405272139046
201405271007135
201405272122255
201405270907269
201405271041279
201405271525034
201405271641067
201405261123155
201405272137404
201405261519069
201405271508467
201405270833128
201405272028268
201405271039173
201405270849474
201405272332313
201405272136577
201405271118283
201405270853130
201405271942242
201405270952140
201405271302469
201405271102418
201405271149412
201405261818594
201405271213194
201405271508451
201405272247425
201405271017583
201405271309230
201405271001368
201405272138256
201405272234275
201405271321384
201405270347460
201405271120083
201405271200290
201405271033483
201405271200084
201405232325066
201405272328152
201405270118190
201405270022526
201405272133250
201405262104493
201405271130520
201405271236281
201405272247592
201405271257286
201405272235192
201405272210514
201405271028110
201405272049560
201405272104214
201405270951304
201405271206150
201405271310431
201405270830264
201405271535481
201405271320109
201405271316429
201405271541394
201405261524554
201405270832305
201405271524578
201405272245488
201405270906480
201405271051318
201405272025145
201405261401479
201405271008276
201405271332573
201405271328343
201405271138319
201405271116234
201405271301230
201405271049404
201405271502564
201405270906292
201405271619319
201405271800228
201405271111588
201405272023244
201405271933575
201405241312015
201405261843455
201405270349285
201405272133237
201405271257169
201405270844371
201405271301433
201405271319137
201405272251539
201405271607407
201405271023471
201405270845045
201405272104541
201405271255374
201405270937320
201405271606561
201405272339101
201405271613480
201405271158171
201405271707018
201405271428316
201405271041527
201405272106201
201405272100119
201405270924044
201405271024445
201405271109221
201405270816412
201405271737596
201405271123384
201405251941180
