201405251320082
201405242251088
201405251237171
201405251131000
201405251427031
201405251511591
201405251424499
201405241953109
201405241417450
201405251632060
201405251851315
201405251753179
201405231427224
201405251342401
201405251233144
201405251425476
201405251525307
201405251456474
201405251344073
201405251342014
201405251939336
201405251354494
201405231209405
201405231607273
201405251619225
201405251354350
201405250059362
201405251454450
201405251339071
201405250056478
201405251341150
201405250241446
201405251350214
201405251317022
201405251428551
201405251811399
201405251943539
201405251811109
201405251812505
201405240827578
201405250850268
201405251452103
201405251439462
201405241221524
201405251747251
201405251423429
201405251002189
201405251001544
201405251813510
201405251813512
201405251115345
201405251206585
201405251721220
201405251641589
201405251002581
201405251503272
201405251337209
201405232127521
201405242128543
201405251200084
201405241953340
201405251729068
201405251141486
201405251717445
201405251649417
201405250951026
201405241348212
201405251438136
201405252010122
201405251636405
201405250930007
201405231454322
201405251228448
201405252032527
201405250144292
201405241350410
201405251838505
201405231459051
201405231520052
201405251139532
201405251205434
201405251446576
201405251041308
201405231542293
201405231457101
201405250940378
201405251226584
201405251245001
201405250023156
201405251000317
201405231606358
201405251053070
201405231210488
201405251843599
201405251849549
201405251035136
201405251056392
201405251226091
201405251033017
201405251419196
201405232203208
201405231503563
201405251317135
201405241058322
201405231514425
201405251001319
201405251952309
201405251348281
201405251335081
201405251336543
201405251440348
201405251719494
201405251229393
201405251334458
201405251331074
201405251222099
201405250959299
201405241619164
201405232106544
201405251350144
201405251417190
201405251533005
201405251434024
201405251816479
201405251713570
201405251939265
201405251639588
201405251127402
201405251427520
201405251426495
201405251722253
201405251139055
201405250948347
201405250940091
201405241457511
201405251114454
201405242250361
201405251527132
201405231231297
201405251711003
201405250039447
201405241215134
201405251142345
201405241118580
201405251251314
201405231508283
201405251936117
201405251344132
201405251434046
201405251427091
201405240418251
201405251132315
201405251250237
201405231509104
201405251604241
201405251109478
201405251504454
201405251426087
201405251228497
201405251134452
201405251453147
201405241038024
201405251907398
201405251549458
201405251501071
201405251809430
201405231209147
201405231544429
201405250844084
201405251225175
201405252000107
201405252012477
201405251547579
201405252012479
201405251544164
201405251953469
201405251305183
201405251139117
201405232325066
201405251905274
201405251257137
201405251943580
201405241815382
201405251436379
201405231531175
201405251639451
201405251705326
201405251518219
201405251651187
201405241815593
201405240128444
201405251530145
201405251001268
201405251725493
201405251412010
201405251006131
201405251937022
201405251511456
201405231046140
201405251945552
201405180132597
201405251926349
201405251003308
201405241312015
201405251937526
201405241804179
201405250939213
201405251345415
201405251153189
201405252026307
201405251419424
201405251426043
201405232317003
201405250906384
201405251454062
201405231529142
201405251515283
201405251414281
201405241602070
201405251533250
201405251405098
201405251040004
201405251819494
201405251337189
201405251322217
201405241450250
201405231505232
201405231702517
201405240905443
201405242131377
201405251941180
201405251954114
201405251905068
