201405302027177
201405312003129
201405311148082
201405311115129
201405301738199
201405311110055
201405312304062
201405311022515
201405301841576
201405311401106
201405291017301
201405311556056
201405311406245
201405311520559
201405311039247
201405301127009
201405311643381
201405311641142
201405310903343
201405302040309
201405311544147
201405312027288
201405310918087
201405312132272
201405311038127
201405311556040
201405311817078
201405311610346
201405311944228
201405311434128
201405311338566
201405311648098
201405301430050
201405311633212
201405311131596
201405310949004
201405311717387
201405311658400
201405311146422
201405311019499
201405302040450
201405311225461
201405311851152
201405311139191
201405311359276
201405301126174
201405302120207
201405311645500
201405291551542
201405311929439
201405310920160
201405311613447
201405311029236
201405301553087
201405311251149
201405311133049
201405311501042
201405301930503
201405311321218
201405311136572
201405311035436
201405312004248
201405291536009
201405311146554
201405311044374
201405311152064
201405302332031
201405311015124
201405300913530
201405311008408
201405311651440
201405300903234
201405270952311
201405311259146
201405311128358
201405301349248
201405310936202
201405311054070
201405311302230
201405311017595
201405300912305
201405311123479
201405311014257
201405312121042
201405311408157
201405311021084
201405302130510
201405311409573
201405302201172
201405311236363
201405311517122
201405311109536
201405301054104
201405291018197
201405311026224
201405311251150
201405302025402
201405311525518
201405302203068
201405302346367
201405310907184
201405311028405
201405311948416
201405302303105
201405302044553
201405311132400
201405302045365
201405311344367
201405311537435
201405301202455
201405311126218
201405311239221
201405280805121
201405311303261
201405311029292
201405311722237
201405310926020
201405311137436
201405301608020
201405311720477
201405311136307
201405311519362
201405301306592
201405312004297
201405311308187
201405311656550
201405311246245
201405311346196
201405311646357
201405311534296
201405291000135
201405301904019
201405302249198
201405301237279
201405291536430
201405301012127
201405311200136
201405310925338
201405311627194
201405311644209
201405301014076
201405311023063
201405311132213
201405311344055
201405311020324
201405311058454
201405311526403
201405281202063
201405311019206
201405311439356
201405311640269
201405311015464
201405302157569
201405311618548
201405311529016
201405301406577
201405300951414
201405311149239
201405291534290
201405311345027
201405311234001
201405301251500
201405310018477
201405311039166
201405311725433
201405311759502
201405311120305
201405301007383
201405281435112
201405310938117
201405310845595
201405311136332
201405311511095
201405300915578
201405311230330
201405301146123
201405311315487
201405310929540
201405301409263
201405312144060
201405311115290
201405291101398
201405311142053
201405311604493
201405311119493
201405310856555
201405300914057
201405310859154
201405301225472
201405311253245
201405311148425
201405311219206
201405311532106
201405311620191
201405312153508
201405311407171
201405311611461
201405311130377
201405310922517
201405311054120
201405311112370
201405311650134
201405311051308
201405311617172
201405311435071
201405311353328
201405311026545
201405311044315
201405311356237
201405312100302
201405311647161
201405301121182
201405311522214
201405312144505
201405301602018
201405311514155
201405311400102
201405311302026
201405301410491
201405311734372
201405292026509
201405311301316
201405312123441
201405310904054
201405291010353
201405311426131
201405311915402
201405311344123
201405311651132
201405311252453
201405300915087
201405311222415
201405311510553
201405310944085
201405301908304
201405311345547
201405310924136
201405312043084
201405310932025
201405311137566
201405310838493
201405312037117
201405311016559
201405311503089
201405311050344
201405301216443
201405302045159
201405301412088
201405311529440
201405311205195
201405311147385
201405311037460
201405311900024
201405311335337
201405301410054
201405310034252
201405311118086
201405310924227
201405302334572
201405311022483
201405301418389
201405311736382
201405311417218
201405311304154
201405310932130
201405312049474
201405311537421
201405302111170
201405311327429
201405311924040
201405310641404
201405311642086
201405311108532
201405311645048
201405302019586
201405301459312
201405311629082
201405311319577
201405310919070
201405311017295
201405302016098
201405311115358
201405311254367
201405301641086
201405302249323
201405311244061
201405311746249
201405311448517
201405311054526
201405311126014
201405312108566
201405310711297
201405310825204
201405311806375
201405311629251
201405311426181
201405311900346
201405311226299
201405311059137
201405291537566
201405291016086
201405311038338
201405300930512
201405311134141
201405311226495
201405301436196
201405291533392
201405311126004
201405302044087
201405311302127
201405311849543
201405312020051
201405310117471
201405311652352
201405302046046
201405302130130
201405302209002
201405311129509
201405312300113
201405311854481
201405310824279
201405300933233
201405311143103
201405311113439
201405302207082
201405291535133
201405310920324
201405312254051
201405311249228
201405311346521
201405311046212
201405311038427
201405311109491
201405301410328
201405311154411
201405301651444
201405302245416
201405302104461
201405311419447
201405312029404
201405302209417
201405301647109
201405311300333
201405311146214
201405311040337
201405301127520
201405312111199
201405311513565
201405311205213
201405311211058
201405300910120
201405311138023
201405311616159
201405311615486
201405311800088
201405311529476
201405301357361
201405311025030
